$ 1 0.000005 10.20027730826997 50 5 43 5e-11
v -64 352 -64 128 0 0 40 1 0 0 0.5
v 176 352 176 128 0 0 40 2.5 0 0 0.5
r -64 128 16 128 0 10000
r 16 128 176 128 0 10000
r 16 128 16 352 0 10000
w -64 352 16 352 0
w 16 352 176 352 0
g 16 352 16 416 0 0
p 80 176 80 400 3 0 0
w 16 352 80 400 0
w 16 128 80 176 0
p -144 128 -144 352 3 0 0
p 256 128 256 352 3 0 0
w -144 128 -64 128 0
w -144 352 -64 352 0
w 176 352 256 352 0
w 176 128 256 128 0
p -64 48 176 48 3 0 0
w -64 48 -64 128 0
w 176 48 176 128 0
o 0 64 0 4098 5 0.0015625 0 5 0 3 1 0 1 3 8 0
